.Random.seed <-
c(403L, 68L, -1283854034L, 1347541209L, 873943787L, -1725186214L, 
-76977892L, -17784801L, -1403286411L, -1637754612L, 693220578L, 
-1012261443L, 1197869623L, 2066479326L, -1430604776L, 896273275L, 
549165849L, -2036775000L, 1591379798L, 386785233L, 1193589635L, 
879361554L, 975509924L, -2033549977L, 751551165L, -146652620L, 
-1464206950L, 1893262821L, 1775640959L, 1743161606L, -206892400L, 
211727155L, -327145263L, 535448192L, 644242270L, 1846716585L, 
1976019803L, 1709259114L, -1245664244L, -1913484209L, 941628677L, 
-115696196L, -1265141614L, 171121549L, -1148970041L, -3850066L, 
-454717176L, 225480459L, -1616774679L, 974175928L, -68441754L, 
-629708287L, 603055251L, -1055719614L, -2000391948L, -1981272841L, 
1443112173L, 1225168772L, -204887638L, 1678511893L, 1825885615L, 
1374623158L, 1700318176L, -227785949L, -1106516927L, -2015840464L, 
1230124366L, 1906653113L, -152604213L, -102354310L, 1574483836L, 
-1737771073L, 414040213L, -2094707028L, 1884306562L, 1558236253L, 
-1124183209L, -1128944066L, 1332142712L, -1848045221L, -1624981319L, 
827822344L, -1435589706L, 2121343217L, 636376867L, -1998851726L, 
2008433604L, -969461881L, 1031361885L, -1078703276L, 1358459258L, 
273906885L, -1815699937L, -793675354L, 1026538288L, 824383955L, 
-1820893199L, -1731909344L, -652814402L, -910592055L, 2019137403L, 
-1167209142L, 252979628L, 414680239L, 228490853L, -1987238372L, 
-143394702L, -239501587L, 947987239L, 659947342L, 1521399720L, 
328549291L, 697991369L, 1571440856L, -98208378L, -1181422495L, 
-870965773L, -557392798L, -595191084L, -2089980969L, 2117378509L, 
-1478576796L, -2045951670L, -567514955L, 1033109519L, 407320854L, 
1456088000L, -328831101L, -1370202719L, -2130837104L, -1420899730L, 
1107651609L, 1627451563L, 1776030874L, -1065409444L, 1923785055L, 
2034647861L, -1827518772L, -2123443166L, 1031939709L, -1110082697L, 
1391604894L, -1099369640L, -1911048517L, 1917048921L, 2146094056L, 
-2017014250L, -1539518063L, 1657537091L, 647070034L, 639194596L, 
-1250624473L, 502417533L, -533359244L, -1219700390L, -229584987L, 
536080319L, -1794120634L, -805190960L, -639070989L, -985552367L, 
1914825792L, 504021022L, 1660575465L, -1260299237L, -1921190870L, 
-1961474228L, 192281871L, 1348657221L, -1297643012L, 113002578L, 
-1352535603L, -318221433L, 1186231918L, 681031240L, 805474379L, 
-563676759L, 151336184L, -1113833434L, 755126593L, -1598132525L, 
2019513986L, -1333109580L, -1890147273L, 2070202157L, 1553253444L, 
1953065322L, -1012759083L, 1765942127L, -2016232842L, 269467040L, 
1817782883L, 704084737L, 703443568L, 1576660494L, 512747129L, 
1923944971L, -520795334L, 552448572L, 1365766527L, 362830549L, 
1767127788L, 1022413890L, 1656611741L, -885589481L, 1160691582L, 
-1250390728L, -1440437733L, -1925958791L, -2029795896L, -602293770L, 
-891491279L, 910716515L, -1148685774L, -1172947068L, -288109113L, 
912655517L, -30882796L, 914678458L, -1627528443L, -839821089L, 
1096434022L, 1813824752L, -1873637357L, -1709615695L, 1668542560L, 
1024826878L, 712444297L, 134012603L, -155499636L, -71029316L, 
1042455602L, 2001971008L, -1108884300L, 1262651208L, -1895937350L, 
2010046224L, 403274988L, 1424770132L, 660147986L, -386025568L, 
-1382689844L, -1117039776L, 31999170L, 1307743784L, 2017252780L, 
-1515959492L, 1144502130L, -675555536L, 788117028L, 1189135416L, 
1224106202L, 1733014928L, -426050820L, -1253330028L, 334182210L, 
-1381573120L, -22403524L, -1143346608L, -501672286L, -1313397944L, 
582668812L, -671139620L, 1862924882L, -21704576L, -826471596L, 
948717032L, 547553018L, 1248963408L, -1323176916L, -1095014028L, 
-946211182L, 815050336L, -1450367348L, -1849125024L, -266519838L, 
-268259160L, -1660846900L, 1877959164L, 1735983026L, 1800808944L, 
-1827969596L, 1324874584L, 1718300538L, -401091152L, -2101258820L, 
-2012199852L, 585615298L, -2009839840L, 724286396L, 1961186896L, 
-873723422L, 29201768L, 82087244L, -771296004L, -1792828686L, 
792052480L, 190238324L, 1143428104L, 469129658L, 712897488L, 
1044350444L, -256348268L, -371999022L, 501672544L, 1323842892L, 
1461960992L, -1686045054L, -457771544L, -1591012372L, -429565380L, 
1099765362L, 2127440752L, 1416565028L, 1310925368L, 444291482L, 
1118678480L, 1230519740L, -1085127532L, -639203198L, 1523375552L, 
1722236732L, -684068720L, -1699976414L, 2059835912L, -2081691380L, 
1730017692L, 1794902546L, 375594880L, 1681459988L, -1054928600L, 
1256560698L, 1070390224L, -725365140L, 340333108L, 1794778770L, 
-1344303776L, 1982032204L, -900930592L, 1011667362L, -1265739352L, 
-2088266100L, 815599036L, -1086627214L, 229100528L, -941526460L, 
1087098968L, 24511546L, 1310028912L, -317082564L, 1116820756L, 
629422786L, -746064160L, 1860586620L, 1502665424L, -1653913182L, 
1216125992L, -1777150196L, -156344900L, 1006409522L, -466739520L, 
-2101706700L, -844628280L, 376015034L, 1211216528L, -221585684L, 
-583169452L, -591114606L, -1684845280L, -215398964L, 274185952L, 
1297949890L, -35824600L, -1435982932L, 550383292L, 633329650L, 
-791401936L, 1090257828L, 221978040L, 193896282L, 1227972752L, 
-1445056644L, 51213588L, 939301186L, 409826560L, -1907691076L, 
1201706320L, -2053234398L, -210873784L, 91591692L, -339750308L, 
-1028385326L, 1956646400L, -673859244L, -1467155224L, 983673082L, 
1518258896L, 80445228L, 145724660L, -554422894L, -300826272L, 
1884409868L, -111183648L, -601045406L, -898572120L, -2071457716L, 
-104257668L, -579064526L, -1263260048L, -801814716L, 523934680L, 
1419274106L, -463756240L, 925837244L, 445237844L, 426502210L, 
623900320L, 1843360444L, -595075120L, 1317003618L, -1032279320L, 
803933388L, -152946180L, 1452364274L, 1850927232L, 1316593140L, 
-894424440L, 86116154L, -985280176L, 379940972L, -959359596L, 
-1887558574L, -473009696L, -860921652L, 98495136L, -1978652286L, 
1984441576L, -1617349908L, 869132604L, 250389618L, 650735216L, 
-1552513500L, 39499832L, 57148698L, 1425170640L, 148774204L, 
178995092L, -509972606L, -1554317376L, 280331836L, 1742797200L, 
-1742793694L, -1953318648L, 1859605644L, -1277713636L, 767658130L, 
1762975878L, -1738140476L, -1738460683L, 736799839L, 1412566712L, 
1344872342L, 1396463011L, 650938725L, -1833312126L, 1167985136L, 
-364101735L, -1283114613L, 1483760764L, -134984022L, -346494753L, 
760610409L, -273765250L, -1299028884L, -1692011331L, -1555616377L, 
-168425104L, 1277021198L, -4292293L, 2039746077L, 1856901834L, 
-1014284824L, -418782511L, -58564925L, 841651652L, -756882830L, 
817929031L, -497835247L, -1284886890L, -895147020L, -1716417147L, 
-1895333681L, 1615849928L, 594053222L, -73621869L, 1430605301L, 
2073120722L, -935662560L, 541085193L, 1132934971L, 240384652L, 
-204169446L, 743403919L, -732647719L, 1392169326L, 960765180L, 
-404990355L, 239313431L, 474028000L, 883921854L, -530173557L, 
-410746355L, 1474772538L, -1240271240L, -963666399L, -1281683245L, 
-118435852L, 96651394L, 746086679L, 855660513L, -625835738L, 
-1591664604L, 497500885L, 2022239871L, -652894440L, 1137315382L, 
-1038450493L, 328301829L, -1816984414L, -2058749296L, 2094171705L, 
975689451L, -172292132L, 612403722L, 1832262911L, -594929335L, 
894241502L, -330696564L, -734752675L, 1584242279L, -1526296688L, 
1035600814L, -1164350885L, 1312794173L, -1758783318L, -452335288L, 
1911840113L, 348003043L, -1836666396L, -1760723694L, 1633824999L, 
1687389873L, 1672822006L, 359309076L, -1817266139L, 725728559L, 
-1533046040L, -793890874L, -102608269L, 1308202197L, 1970534066L, 
115830400L, -1120823703L, -1768752421L, -420248020L, -1263794630L, 
-824557329L, -496399495L, 1789282318L, 716746204L, 529899085L, 
1700052407L, 1087869760L, 1931534878L, -1353423637L, 1743957101L, 
1487899866L, 1260835992L, -1482796287L, -272811853L, -1307929644L, 
412946146L, 610832247L, 1011487425L, 1824596550L, -1474654844L, 
-144592075L, -1845382881L, 609163384L, -1929673386L, -1953154077L, 
388666789L, 1530099778L, -1734756816L, 305499737L, -703133749L, 
2139691068L, 1238853226L, -605815649L, -1119908567L, 945781182L, 
97278124L, -2052047363L, -175839929L, -1841127888L, 54626126L, 
